import numpy as np
import matplotlib.pyplot as plt
mean = np.array([[222.04619782, -62.71971968, -0.42584321],
        [229.72524323,  13.72317409,  1.58480832],
        [2.21826201e+02, -6.93372368e+01, -1.99236478e-01],
        [230.58943094,   5.54606621,  1.68783145],
        [ 3.66611692e+02,  3.39296925e+00, -1.62215450e-01],
        [ 4.53768206e+02,  3.64979057e+00, -3.34307143e-02],
        [221.69656299, -52.26983559, -0.4285416],
        [224.35841773,  28.4804453,   1.7805818],
        [225.04089643, -18.41109474,  1.5487437],
        [ 304.3465696, -108.81458259,  1.38548912],
        [ 281.89491884, -163.00595816, -0.69086091],
        [ 304.8070398, -107.12455002,  1.39088364],
        [ 235.14308069, -220.13348833, -2.52023756],
        [3.78837281e+02, 4.57314014e+01, 5.26917700e-03],
        [ 3.64768800e+02, -6.90980678e+01, -2.51701285e-01]])




var= np.array([[[3.64598155e-02, 1.55789843e-02, 1.02918422e-03],
 [1.55789843e-02, 1.75673227e-02, 5.64368739e-04],
 [1.02918422e-03, 5.64368739e-04, 3.70276853e-05]],
[[0.05288715, 0.05585456, 0.00256995],
 [0.05585456, 1.60257823, 0.07388741],
 [0.00256995, 0.07388741, 0.00342547]],
[[ 0.02020619, -0.02715636, -0.00100582],
 [-0.02715636,  0.17209071,  0.00688152],
 [-0.00100582,  0.00688152,  0.00028806]],
[[ 0.05551903, -0.08594837, -0.00394692],
 [-0.08594837,  0.31519475,  0.01411299],
 [-0.00394692,  0.01411299,  0.00064544]],
[[1.77097889e+00, 7.22299265e+00, 2.89574380e-02],
 [7.22299265e+00, 5.09841851e+01, 2.81659959e-01],
 [2.89574380e-02, 2.81659959e-01, 5.02931975e-03]],
[[ 6.21864325e+01,  3.72871983e+00, -1.42377059e+00],
 [ 3.72871983e+00,  2.23575320e-01, -8.53697728e-02],
 [-1.42377059e+00, -8.53697728e-02,  3.25975072e-02]],
[[4.80720190e-02, 1.58778603e-02, 1.03310129e-03],
 [1.58778603e-02, 3.58952199e-02, 5.40380925e-04],
 [1.03310129e-03, 5.40380925e-04, 2.98786782e-05]],
[[ 0.16919073, -0.45109153, -0.02268088],
 [-0.45109153,  2.38120689,  0.11481989],
 [-0.02268088,  0.11481989,  0.00559795]],
[[0.13930057, 0.12214581, 0.00617173],
 [0.12214581, 3.2941029,  0.15597858],
 [0.00617173, 0.15597858, 0.00738966]],
[[ 2.65432243e-01, -2.00241608e-01, -5.27008689e-03],
 [-2.00241608e-01,  2.52500683e-01,  6.24282681e-03],
 [-5.27008689e-03,  6.24282681e-03,  2.03640077e-04]],
[[9.83319472e-01, 1.79844400e-01, 8.59930025e-03],
 [1.79844400e-01, 7.28572390e-01, 1.40946769e-02],
 [8.59930025e-03, 1.40946769e-02, 6.43120334e-04]],
[[ 5.93792957e-01, -2.38138771e-02,  7.03064835e-04],
 [-2.38138771e-02,  8.78932307e-01,  1.73296601e-02],
 [ 7.03064835e-04,  1.73296601e-02,  7.38146346e-04]],
[[ 1.88062848e+01, -1.04954056e+01,  3.79996780e-01],
 [-1.04954056e+01,  8.22142096e+00, -1.33678037e-01],
 [ 3.79996780e-01, -1.33678037e-01,  1.03901920e-02]],
[[0.37557011, 0.09394875, 0.00179155],
 [0.09394875, 1.76456971, 0.08030224],
 [0.00179155, 0.08030224, 0.0036897 ]],
[[5.21195373, 0.27589265, 0.05913541],
 [0.27589265, 7.11448303, 0.32871029],
 [0.05913541, 0.32871029, 0.01561989]]])

print("Mean:\n", mean.shape)
print("Variance:\n", var.shape)

fig, axes = plt.subplots(nrows=1, ncols=3, figsize=(12, 3))
xs0 = np.linspace(0, 50, 50)


axes[0].plot(mean[:,0], var[:,0,0], 'ro', linewidth=2, label='Theoretical PDF')
axes[0].set_ylim(bottom=0, top=6)
axes[0].set_title('Histogram X')

axes[1].plot(mean[:,1], var[:,1,1], 'ro', linewidth=2, label='Theoretical PDF')
axes[1].set_ylim(bottom=0, top=4)
axes[1].set_title('Histogram Y')

axes[2].plot(mean[:,2], var[:,2,2], 'ro', linewidth=2, label='Theoretical PDF')
axes[2].set_ylim(bottom=0, top=0.020)
axes[2].set_title('Histogram Alpha')


# Adjusting layout for better spacing
plt.tight_layout()


# Display the figure
plt.show()